1002072021
100340610
1003771126
1005778953
1006052997
1006103171
1006636228
1006796111
1007449973
100792401
1008973321
1010912820
1012677097
1015666730
1018508640
101884963
1020280319
1021050957
102183580
1022491201
1022546290
102528196
102546131
1027130960
1028237013
1028700247
1028885833
1029096450
1030963674
1033767924
1034747356
1035617617
1036290524
103666111
1039234549
1044345178
1045083748
1045530097
1046920512
1050103403
1050908679
1051432746
1051796811
1051965349
1052924975
1053131651
1054908465
1057084728
10571288
1057200283
1057347345
105960874
1059967906
1060012108
1060059344
1060131212
1063761528
1064830290
1067508686
1071087181
1071596690
1077577980
1078297459
1079889419
108322568
1083293379
1083550411
108448607
1087104206
109033898
109044949
109241688
1092809122
1096927713
1100738159
1103174035
1107170743
1108529870
1108631891
1109105659
111163375
1112568103
111307610
1114845465
1115702523
1115801554
112228314
1125962139
1127889988
1128816790
112883254
1130743231
113493196
1135916612
1136208871
113757051
113964719
1142832101
1144040711
114422764
1144311185
1145863199
1147711338
1149482360
1149831523
1150135040
1151595035
1153708557
1155808345
1157902176
116031885
116936765
1171972277
117337992
1173416361
117413533
1176707190
1176960231
1178009164
1178681420
117883491
1180245422
1182462931
1184217302
1186362046
119043196
1191114352
1191585804
1191758276
1192225093
1195113971
1195203980
119600206
11965424
11968298
119838482
1199336520
1200537761
1203272521
1203439985
1204571762
1204880849
1205127016
1205502295
120898942
1212268695
1214606302
1217166592
1217657860
1220766211
1222067214
1223506028
122416270
1228303016
123114034
1237605202
123847794
12406025
124331542
124332542
1245318273
1246329507
1248243100
1248462606
1249790112
1252740725
1256673071
1259179457
1260818907
1265069029
1266656366
1267729058
1268857781
1269733287
1274310281
1278107466
127959600
1280330219
1280331379
1281076734
128341371
1283556241
1284092331
1284940760
128548192
128613034
1287334805
1288005065
128935003
128950553
1289720638
1290672058
1291274353
1294103090
129762788
129762939
1299440161
130162631
1303265517
130616823
1306284596
130722087
1308493829
1311225441
1313105494
1318259635
1322510070
1328607791
1329509182
1332286127
133455721
1335833307
1337871144
1338729560
1341054409
1343142411
134427986
134448349
1345040615
1345160430
1345697269
1351013419
1352575042
1354060107
135415491
1355216450
135565169
1357432096
1358300686
1358577225
1368047679
1369491958
1369956638
1371530025
137533928
137878445
1380423698
1384200398
1385651033
139016716
1391078402
1391770885
1393391637
1394405223
1395242212
1406027927
1410597770
1413033926
1413205094
1418268356
141972509
1422632887
142420114
14254242
143007430
1431773447
143466899
1435709677
14393911
143964877
1441064636
1442495679
1444267647
1444885184
1445951197
1445951861
1446236384
1446398645
144754846
1448066285
1452004849
1453470681
145472812
145537762
1455705861
1456531825
145819073
1459490272
1461507975
1462230863
1462501801
1470620473
1472273380
1474593547
1477939006
1478003768
1479644602
1494194716
1500963896
1503825779
1504747636
1508072479
1508995786
151127515
151214156
151218677
1514363366
1519210002
1519613477
1519897568
152055084
1522905344
1523092503
1524218683
1527784553
1527944637
1527967300
1530172660
1534717904
1536079452
1541378698
1545169
1545973177
1552021295
1562782836
1568410505
1570486720
1571083370
1572356156
157265850
1573286304
157586063
1578283741
1582311374
1584293934
1584913384
1587115432
1587455049
1589969081
1594620763
159744511
1598343200
1598413594
1598611402
1599274888
1599515738
160814965
1614226460
1615198545
1617252135
161817790
1626841507
1627225789
163022130
1630819334
1632906927
163565104
1636300091
1641774782
1642130823
164719221
165160972
165243278
1652647735
165371126
1668225370
1668798712
1670715658
167190856
1672834881
1681284893
1681313659
1681867421
1682551097
1685929246
1688493172
168874729
169109680
1692647482
169498804
169526468
169707443
1703622304
1704708080
1708574350
1709995047
1714870811
1721023218
172302832
172342638
1724587153
1725084567
1733489147
1736902820
1737064003
173778110
173803295
1738465351
1745864387
175179993
1762209472
1768467011
1778638971
1780178466
1780538187
178110572
1786057885
1788711191
1791423743
179889674
1801158996
1803485446
1804939707
180958190
181463010
1818780649
181939177
182474452
182487446
1825640431
1826222506
182888890
1830864384
183285209
1833653302
183491837
183753387
1839019911
1839620353
184329831
184360024
1846899502
184720234
1849510257
185194822
1855070150
186273569
1863022614
1865687044
1865743320
186685600
186798056
187835405
1884216184
188440163
188554429
1888875515
1889387517
1891723718
1900844554
1904835681
1907458208
190847521
1908755804
1908802515
1919149248
1919452253
1924767951
1925194492
192657933
1934144951
1934313442
1934415101
1934949429
19400466
1942717710
1943077973
1947771137
194811818
1950283421
1961776586
1968414468
1972368386
197370803
1975511887
1979509837
19802421
1981466559
1985392026
1990111112
1992680650
199438691
199571182
199809504
1999098478
2003527994
2007048927
2008396078
2011447201
2012803045
2020472320
2021290015
20242405
202497058
202619100
2029486783
203074351
2035117054
203743512
2037440756
203982846
2039848291
204256121
2043639891
204421887
204879211
2048997014
204923291
205376795
205693146
2065691107
2069872974
207647879
2076831899
2077240652
2077406131
207917216
2082355656
208339304
208623642
2088020035
2089520476
2092052285
2092818039
2095498125
2096347852
2098546302
21045304
210464902
2107667695
2108086534
2110311137
2113083711
211351166
211386511
2115295967
2120446802
2124126275
2127203648
2136696940
2137919142
2139367920
2143299549
2144536577
2148682964
2154727832
2156920223
215741655
2158935376
2160352332
216161847
2164136930
2172247042
2181350042
2181501166
2182032453
218607095
21906340
2198580672
2199592331
2203342050
2203344935
2206398986
2207346118
2210475680
2215390486
2218964756
222006768
2221847260
2224263738
2226893993
2228105895
2231669215
2232567437
2232901220
2245528186
225284987
2253635455
2254161118
225452396
226887372
2272811947
227312388
2276764059
227749140
2278273446
2281378869
2282713381
2289692824
2294103339
22971279
2297601846
2298365539
2303151842
230842607
231461063
2317261320
2317589955
231908903
2319557407
2320035308
232611024
233545629
2337305540
2338308963
234085729
234216380
234390314
2344564153
2350329430
2350949221
2358237990
2363662801
2364807402
236847665
237309791
2376726435
2379895657
2386781497
238697226
238913500
2393503980
2395659661
239576904
239601629
239735240
2402177959
2405913598
2406705395
241265967
2412734276
2412956194
2419216254
24197538
2425321790
2425827816
2425862852
242771853
2428557850
242967336
2434396087
2441649588
2445826016
2446931556
24484383
244872125
24538444
2454685798
2454801442
24558697
2460237982
2462969343
2463591901
246400052
247114169
2475004530
2475018176
248289861
2483398710
2486489896
248761085
2490963909
2491818005
2492468356
249655043
2507204885
2512921361
2514959564
2515248395
2515477009
2517360348
252496330
2531954664
2532952588
2532973391
2545777453
2547212542
254932043
2551929235
255949218
25626411
256459368
256949522
2571021056
2572292955
2577931421
258406656
258718475
258978562
2591063637
2592107724
2592435151
2594900636
260011284
2608767491
2612022039
2613717253
2619225776
26211227
263002450
2633050065
2635964381
2639788455
2645093590
264690819
2652813098
2654946075
2656199386
2660138136
2660314435
2661783477
2663714224
2665335317
2666907696
266738670
267209414
2674213233
267697274
267950662
2683859617
2687129909
2690822214
269235802
2693637558
269514975
2699186810
269956390
2700446627
2702447478
2704289487
2709178883
2710658310
271287606
272021935
2722812804
272377349
2725128979
273157367
273457690
2740705874
2743379140
274998260
275833577
2761321127
276489551
2768239803
277421350
2781922754
27868082
2791002166
2794078299
280537968
280588165
280732348
2809201914
2813888896
2815371819
2835713476
2840408838
284261108
2852832207
285700675
285752221
286030169
2861973820
286717419
2868180242
287297053
2873018549
2877365869
288481767
2889347131
289771417
290078456
29098099
291694769
2920076999
2922246273
2923652780
2935568452
2939404733
293957799
294198829
2947488730
29513844
2956645303
296043455
2962625357
2965308839
2966385240
2966572683
297520238
2979524529
298126514
2993800908
2995111456
2998456524
3000069550
3000323656
300216680
3004645493
300492050
3008741100
300914566
3014825998
301739842
3018283735
3019386595
302326516
3025093375
303213818
3037492477
3039212347
3046898329
30480158
3058843989
3066505396
3074136953
3074851604
3078389815
30801674
3083119084
30867470
3097833430
310137488
310174936
3111486300
311370081
3115459358
311553075
3116713355
311808552
312810956
313200421
313336689
313916022
3140659452
3141625467
3146640300
3149829264
315381815
3169194708
317134489
317829875
31820730
31821596
318902470
320921221
322190159
3222986131
3223296662
3225526355
322614318
323395207
3241584481
3261620538
326387678
326998656
3279914581
3280513024
3282231397
328415649
328600245
328621184
3299093130
3305048921
330897034
331532983
3319463435
333599574
334662398
335120409
3356617882
3361634035
336762156
337253538
338025446
3388114352
3400448448
3401286920
34033420
34054460
340650687
3408015633
34145787
3418236113
3428119484
34448418
344805586
345709321
3464420333
346630162
346963796
3469942567
3474387766
3478220602
34785118
3487643890
348843005
3533853121
3535638715
3563881715
356973912
3576406139
358898251
35931931
359368798
359928958
3610565638
361156082
361236341
361495356
362578828
3628175437
36365305
365285593
365523176
366057860
3672745024
368587343
368640439
3696919905
370039541
370874369
372222597
37412843
374584867
37481853
375421804
375710644
376519121
37719734
3774010085
377448474
377808582
378190131
37918387
379199010
3797848254
379926745
380480579
380571259
3813296530
381435456
381854956
381916943
383497038
385066824
3854716905
386153509
386463963
386494896
3866086076
386977599
388471539
3890160045
389991452
390554212
3910937418
391597434
392302008
3927270393
3928210731
393120626
393201805
3935833449
395755642
395928275
396495008
396602073
3977317747
3986852482
398951918
3989731853
399585246
401019827
402120345
402209732
402828451
404200555
405775912
406053471
408345663
408375044
408754383
4091568433
409806624
410277057
4103667191
414413316
415962874
416959306
4171723585
41762122
418148449
419596643
420653740
421404777
422852603
4232049387
4235888
424066403
424232620
424577828
424612398
425010503
427494454
428328878
42938076
4319013441
432056538
43219961
435491690
436246010
438056834
438211873
438358501
43995998
440219572
440914652
44147641
441716185
4418116432
4423300036
442683049
4452778923
445527561
4457741595
445890354
4483620564
450332277
451644695
45192111
452117243
453305692
454497906
455532479
455568906
457274813
45740165
457514789
457616283
457702387
458108320
458137749
458990114
459390905
461368672
4617026502
46236951
463082431
463414187
463519660
464936132
465094132
4667411506
466876498
46696443
469183144
4704056131
470442285
470691329
473589099
474168797
47531671
475369065
475729773
475798809
477839741
478876580
479378925
479727360
480224797
480978471
4812196809
482103853
482175123
483138070
4831734
483790384
484129426
486048882
486284718
487783260
492133446
494668613
49494197
496055570
496944332
498274862
498552415
498913396
500478258
5013180584
502789285
50304222
505839003
506097366
508893770
509406748
511336740
51170192
5123592417
514039000
514613224
515083055
515797216
515805424
516553964
516922967
518155769
51905111
51950084
522382979
525878391
526042346
526988268
527256056
528088858
528993157
531524644
531781873
53206528
533726111
534061519
534685527
535301235
53612225
53861014
538646044
53909758
540344626
541189930
54134638
542868207
54399177
544883590
545761064
546338192
547733128
548133388
548190874
548336448
550531887
55188023
557540621
558113202
5596403464
561653365
561718854
561806397
562393987
562868433
563045540
563594618
565346846
566044129
567460814
5680479
570326177
570455821
571110292
572168060
57432661
574886046
575147217
576739776
576829590
579280026
580013806
580316071
582796619
583627681
584116014
584679771
585224658
588448342
588919719
589565482
590215992
591428198
592032837
59289247
592974898
594129067
595895592
596128631
596724770
59699620
600779321
602045033
602263219
602429907
60441991
604738369
604840732
60579267
606130497
613197969
613238417
614126003
614146567
615190126
61876518
61881217
619299053
620724406
621107704
623408924
624117920
624564924
627716576
628606275
629461666
629563703
629647855
630446975
630686403
631231974
63160080
632952859
632970128
63535051
63644474
63930915
639911685
644139725
645018444
647262848
647632081
647895094
648902974
652790232
654091629
655133946
657217343
658003404
659091532
659166547
659484934
659897692
660195664
662476714
665099063
665946518
666410348
66691412
668912213
668961450
669557839
670967081
671076266
673988874
675898534
676878052
67790360
678125664
679737392
680711341
682944364
683696406
68513802
689031656
691365900
692500473
692899179
693618924
695528316
696245529
69662042
69752530
697831127
698011786
69994905
701116717
701559440
702061281
705032441
706337406
708120637
708774573
712420585
712497669
712846071
71294519
715081231
715262921
718701263
719807570
720070080
721713797
722925232
723013312
7270957
732413731
734172065
735104486
735218487
735663394
73669645
736798710
737898421
74160703
742890827
74305454
746081582
746914116
747836813
74808565
748351969
749840759
750003244
752097811
752387145
753630192
753874061
755720434
757616776
757682911
75800577
760191841
761320453
762982515
764675620
76525658
768238066
770288126
770860825
770873698
77121379
77176302
772898242
774765847
77659067
776792016
77730051
777872589
778091082
779083574
780095348
780973418
781148804
782498089
78253326
782764253
78668244
788331860
789491726
78966616
789738033
789775493
790701868
791664509
79372165
796590016
7967954
801392295
801557612
801965987
803128500
803166176
80379616
806264809
806372317
80784640
809083545
80936001
809826089
811579923
81510594
819416943
82049123
820949056
821151459
823101908
824112208
824380164
825496547
825652567
826975595
827068765
829991089
832684786
833078828
83549884
837202228
839207695
84099147
843958845
844012107
844352635
847168911
850360837
85071477
8513225
855157244
85626361
8566613
858111509
858158480
860446119
861837327
862916703
86303440
865797077
865880838
866104469
866333085
866800834
870184505
87746905
878685279
880976943
881727619
884126214
884657506
884789787
885768974
88740730
889105903
891107424
89410845
89804789
900134375
900640006
901025895
903211331
903428790
905444219
910956880
911321130
91135904
912426098
913580454
914508667
916201730
917818741
918136861
918338491
91930198
919736919
924137662
92905536
92907807
92932484
929741019
930658728
933087261
933124789
933754299
934442093
939318098
946178486
949335887
949986770
951425119
952849834
952888075
953209972
953286914
956790944
963077026
965014883
965388260
966438675
967050218
972713276
973105169
977096094
978333615
979236174
979521792
979614439
98362245
98406678
985001400
989682042
989848346
99200882
992392022
992871107
99308043
994620181
99475539
995066081
997096899
997529970
99779443
999133738
