1003771126
1006052997
1006796111
1012677097
1014454272
1018508640
1021050957
102183580
102528196
102546131
1028237013
1030963674
1035617617
103666111
1051965349
1052924975
1053131651
1053382815
10571288
105960874
1059967906
1060012108
1060059344
1060131212
1064830290
1069170678
1071087181
1071596690
1071981165
1083293379
109033898
109241688
1108529870
1115702523
1127889988
1128816790
112883254
1144040711
1144311185
1145138032
1147711338
1148326996
1149482360
1150135040
1151595035
1155808345
1171972277
1172165290
1176707190
1183480996
1186362046
119043196
1191758276
119600206
1200537761
1203439985
1216577481
1220766211
1222067214
122416270
123114034
123149136
12406025
124331542
1245318273
1246329507
1248243100
1256673071
1257474819
1266656366
1268857781
1269733287
1274310281
1278107466
1280141298
1280330219
128332740
1283556241
1288005065
128935003
1289720638
1290321803
1290672058
1296510772
129762788
1299855840
1301436168
1306284596
1308493829
1311225441
1315442767
1318259635
1328582056
1328607791
1332286127
133455721
1335833307
1337871144
134427986
1345697269
1347478566
1351013419
135415491
1355216450
135565169
1357432096
1358300686
1358577225
1368047679
1369491958
1374890297
137878445
1391770885
1395242212
1406027927
1413205094
1421948747
1431773447
1436651404
14393911
143964877
1442495679
1445951197
1446236384
1455705861
1459253820
1494194716
1527944637
1530172660
1536079452
1569838317
1571083370
1573286304
157811627
1599515738
160814965
1626841507
1627225789
1631253072
1632906927
1636300091
1642154198
164719221
1649873706
1659002915
1661917231
1670715658
1681867421
1685929246
1688493172
1692647482
169498804
169707443
1703903659
1708574350
172302832
1723946240
1725084567
1733489147
1736902820
173803295
1749189843
1762209472
1763012632
1768467011
1778638971
1780007732
1780178466
1780538187
178110572
1787762411
1803149291
1811568586
1818780649
1819962766
182474452
182487446
1825640431
182888890
1830864384
1834729314
183753387
1849141280
1855070150
1860571209
1866409446
186685600
186798056
1869645506
1882233020
188440163
188653268
1888261901
1908802515
1915071639
1931304495
1934313442
1936729306
19400466
1944637866
1947771137
1961776586
1974931988
1975409889
1975511887
1977377341
1977705976
19802421
1981466559
1991815454
1992680650
199438691
1996601757
2016693850
20242405
2029486783
203982846
2062399859
2063298081
2070703558
207917216
208339304
2088568310
2092818039
2095498125
2096347852
21045304
2107667695
2115295967
2130830366
2136031920
2146284332
215741655
216161847
218607095
21906340
227312388
233545629
234216380
234390314
237309791
238913500
239735240
241265967
24484383
249655043
252496330
254932043
255949218
25626411
258406656
258718475
258978562
26211227
263002450
266738670
267950662
269235802
269956390
272021935
273457690
275833577
27868082
280537968
280588165
285700675
286030169
287297053
288481767
289771417
30480158
30867470
310137488
310174936
311370081
313200421
313916022
317134489
317829875
322614318
323018070
323395207
326998656
328600245
328621184
334662398
335120409
336762156
338025446
344805586
345709321
358898251
359133847
361156082
361495356
362578828
368640439
375710644
37719734
377808582
37918387
379926745
381435456
381916943
386494896
389991452
390554212
395755642
395928275
396602073
399585246
402828451
404200555
404807251
408754383
409806624
421404777
424066403
424577828
428328878
43219961
436246010
438056834
43995998
440914652
44147641
441716185
453305692
455532479
45740165
457616283
458137749
46236951
463082431
464936132
465094132
46696443
47531671
475369065
475729773
477839741
478876580
480224797
481670766
482103853
484129426
486048882
498274862
506097366
511336740
51170192
516553964
516922967
518155769
522382979
526042346
527256056
535301235
538646044
53909758
540344626
54399177
545761064
547733128
548133388
557540621
561653365
561718854
561806397
562868433
563045540
567460814
572168060
57432661
575147217
576739776
582796619
584116014
584679771
589565482
591428198
59289247
598047391
600779321
602429907
60579267
614146567
615190126
61876518
61881217
622222272
627716576
632952859
63535051
647262848
648902974
657217343
659897692
660195664
662476714
665099063
665946518
666410348
668912213
668961450
669557839
671076266
676878052
678125664
684401658
692500473
693618924
696245529
69752530
69994905
701116717
701559440
708120637
712420585
712497669
712846071
715081231
718561157
719807570
720070080
722925232
735104486
74160703
742890827
74305454
746081582
747836813
74808565
748351969
752097811
753630192
757682911
75800577
759328581
761320453
77659067
776792016
779083574
780973418
78253326
790701868
801392295
801557612
801965987
803128500
806264809
806372317
809826089
82049123
820949056
825496547
826975595
828625121
830546963
832684786
837202228
84099147
843958845
844012107
855157244
85626361
865797077
866104469
866800834
876731183
880976943
881727619
884126214
884657506
893680376
89410845
901025895
905444219
910956880
911321130
912426098
917818741
918338491
91930198
935000683
938349414
946178486
949335887
951425119
952888075
953286914
965014883
973105169
975503861
979236174
985001400
989918375
992392022
992871107
99475539
997529970
99779443
