1003771126
1006052997
1006796111
1012677097
1018508640
1021050957
102183580
102528196
102546131
1028237013
1030963674
1035617617
1036290524
103666111
1051965349
1052924975
1053131651
10571288
105960874
1059967906
1060012108
1060059344
1060131212
1064830290
1071087181
1071596690
1083293379
109033898
109241688
1108529870
1115702523
1127889988
1128816790
112883254
1144040711
1144311185
1147711338
1149482360
1150135040
1151595035
1155808345
1171972277
1176707190
1186362046
119043196
1191758276
119600206
1200537761
1203439985
1220766211
1222067214
122416270
123114034
12406025
124331542
1245318273
1246329507
1248243100
1256673071
1266656366
1268857781
1269733287
1274310281
1278107466
1280330219
1283556241
1288005065
128935003
1289720638
1290672058
129762788
1306284596
1308493829
1311225441
1318259635
1328607791
1332286127
133455721
1335833307
1337871144
134427986
1345697269
1351013419
135415491
1355216450
135565169
1357432096
1358300686
1358577225
1368047679
1369491958
137878445
1391770885
1394405223
1395242212
1406027927
1413205094
1431773447
14393911
143964877
1442495679
1445951197
1446236384
144754846
145472812
1455705861
1456531825
1494194716
1527944637
1530172660
1536079452
1571083370
1573286304
1599515738
160814965
1626841507
1627225789
1632906927
1636300091
164719221
1670715658
1681867421
1685929246
1688493172
1692647482
169498804
169707443
1708574350
172302832
1725084567
1733489147
1736902820
173803295
1762209472
1768467011
1778638971
1780178466
1780538187
178110572
1818780649
182474452
182487446
1825640431
182888890
1830864384
183753387
1855070150
186685600
186798056
188440163
1908802515
1934313442
19400466
1947771137
1961776586
1975511887
19802421
1981466559
1992680650
199438691
20242405
2029486783
203982846
207917216
208339304
2092818039
2095498125
2096347852
21045304
2107667695
2115295967
2148682964
2154727832
215741655
2158935376
216161847
2164136930
218607095
21906340
2206398986
2224263738
2231669215
2232567437
227312388
2278273446
2298365539
2303151842
2317261320
2317589955
2319557407
2320035308
233545629
234216380
234390314
2350329430
2358237990
2363662801
237309791
2379895657
238913500
239735240
2406705395
241265967
2412734276
2425321790
2428557850
2434396087
2445826016
24484383
2460237982
2475004530
2483398710
2491818005
249655043
2507204885
2514959564
252496330
2531954664
2545777453
254932043
255949218
25626411
2571021056
258406656
258718475
258978562
2591063637
26211227
263002450
2633050065
2635964381
2645093590
2652813098
2663714224
266738670
267950662
269235802
269956390
272021935
2725128979
273457690
275833577
27868082
280537968
280588165
2835713476
285700675
286030169
287297053
2873018549
288481767
289771417
2920076999
293957799
2947488730
2966385240
2979524529
2995111456
2998456524
3004645493
3014825998
3037492477
30480158
3078389815
30867470
3097833430
310137488
310174936
3111486300
311370081
313200421
313916022
3146640300
3149829264
317134489
317829875
3222986131
322614318
323395207
3241584481
326998656
3280513024
328600245
328621184
3305048921
3319463435
334662398
335120409
3356617882
336762156
338025446
3401286920
3418236113
344805586
345709321
3464420333
3535638715
3576406139
358898251
3610565638
361156082
361495356
362578828
3672745024
368640439
3696919905
375710644
37719734
377808582
37918387
379926745
3813296530
381435456
381916943
386494896
3890160045
389991452
390554212
3935833449
395755642
395928275
396602073
399585246
402828451
404200555
408754383
409806624
421404777
424066403
424577828
428328878
43219961
436246010
438056834
43995998
440914652
44147641
441716185
4418116432
4423300036
4452778923
4483620564
453305692
455532479
45740165
457616283
458137749
46236951
463082431
464936132
465094132
46696443
47531671
475369065
475729773
477839741
478876580
480224797
482103853
484129426
486048882
498274862
506097366
511336740
51170192
5123592417
516553964
516922967
518155769
522382979
526042346
527256056
535301235
538646044
53909758
540344626
54399177
545761064
547733128
548133388
557540621
5596403464
561653365
561718854
561806397
562868433
563045540
567460814
572168060
57432661
575147217
576739776
582796619
584116014
584679771
589565482
591428198
59289247
600779321
602429907
60579267
614146567
615190126
61876518
61881217
627716576
632952859
63535051
647262848
648902974
657217343
659897692
660195664
662476714
665099063
665946518
666410348
668912213
668961450
669557839
671076266
676878052
678125664
692500473
693618924
696245529
69752530
69994905
701116717
701559440
708120637
712420585
712497669
712846071
715081231
719807570
720070080
722925232
735104486
74160703
742890827
74305454
746081582
747836813
74808565
748351969
752097811
753630192
757682911
75800577
761320453
77659067
776792016
779083574
780973418
78253326
790701868
801392295
801557612
801965987
803128500
806264809
806372317
809826089
82049123
820949056
825496547
826975595
832684786
837202228
84099147
843958845
844012107
855157244
85626361
865797077
866104469
866800834
880976943
881727619
884126214
884657506
89410845
901025895
905444219
910956880
911321130
912426098
917818741
918338491
91930198
946178486
949335887
951425119
952888075
953286914
965014883
973105169
979236174
985001400
992392022
992871107
99475539
997529970
99779443
